Unique values in column id : 1 2 3 4 6 7 8 9 10 11 12 13 14 15 16 17 18 19 20 21 22 23 24 25 26 27 28 29 30 31 32 33 34 36 38 39 41 42 43 44 45 46 47 48 49 50 51 52 53 54 55 56 57 58 59 60 61 62 63 64 65 66 67 68 69 70 71 72 73 74 75 76 77 78 79 80 81 82 83 85 86 87 88 89 90 91 92 93 94 95 96 97 98 99 100 101 102 103 104 105 106 107 108 110 111 112 113 114 115 116 118 119 120 123 124 125 126 127 128 129 130 131 132 133 134 135 136 137 138 139 141 142 143 144 145 146 147 148 149 150 151 152 153 154 156 158 159 160 161 162 165 166 167 168 169 170 171 172 173 174 175 177 178 179 180 181 182 183 184 185 186 187 188 189 190 191 192 193 194 195 196 197 199 200 201 202 203 204 205 206 207 208 209 210 211 212 213 214 215 216 217 218 219 220 221 222 223 224 225 226 227 228 229 230 231 232 233 234 235 236 237 238 239 240 241 242 243 244 245 246 247 248 249 250 251 252 253 254 255 256 257 258 259 260 261 262 263 264 265 266 267 268 269 270 271 272 273 274 275 276 277 278 279 280 281 282 283 284 285 286 287 288 289 290 291 292 293 294 295 296 297 298 299  -9 0    1254.0 1255.0 1256.0 1257.0 1258.0 1259.0 1260.0 1261.0 1262.0 1263.0 1264.0 1265.0 1266.0 1267.0 1268.0 1269.0 1270.0 1271.0 1272.0 1273.0 1274.0 1275.0 1276.0 1277.0 1278.0 1279.0 1280.0 1281.0 1282.0 1283.0 1284.0 1285.0 1286.0 1287.0 1288.0 1289.0 1290.0 1291.0 1292.0 1293.0 1294.0 1295.0 1296.0 1297.0 1298.0 1299.0 1300.0 1301.0 1302.0 1303.0 1304.0 1305.0 1306.0 1307.0 1308.0 1309.0 1310.0 1183.0 1184.0 1185.0 1186.0 1187.0 1188.0 1189.0 1190.0 1191.0 1192.0 1193.0 1194.0 1195.0 1196.0 1197.0 1198.0 1199.0 1200.0 1201.0 1202.0 1203.0 1204.0 1205.0 1206.0 1207.0 1208.0 1209.0 1210.0 1211.0 1212.0 1213.0 1214.0 1215.0 1216.0 1217.0 1218.0 1219.0 1220.0 1221.0 1222.0 1223.0 1224.0 1225.0 1226.0 1227.0 1228.0 1229.0 1230.0 1231.0 1232.0 1233.0 1234.0 1235.0 1236.0 1237.0 1238.0 1239.0 1240.0 1241.0 1242.0 1243.0 1244.0 1245.0 1246.0 1247.0 1248.0 1249.0 1118.0 1119.0 1120.0 1121.0 1122.0 1123.0 1124.0 1125.0 1126.0 1127.0 1128.0 1129.0 1130.0 1131.0 1132.0 1133.0 1134.0 1135.0 1136.0 1138.0 1139.0 1140.0 1141.0 1142.0 1143.0 1144.0 1145.0 1146.0 1147.0 1148.0 1149.0 1150.0 1151.0 1152.0 1153.0 1154.0 1155.0 1156.0 1157.0 1158.0 1159.0 1160.0 1161.0 1162.0 1163.0 1164.0 1165.0 1166.0 1167.0 1168.0 1169.0 1170.0 1171.0 1172.0 1173.0 1174.0 1175.0 1176.0 1177.0 1178.0 1059.0 1060.0 1061.0 1062.0 1063.0 1064.0 1065.0 1066.0 1067.0 1068.0 1069.0 1070.0 1071.0 1072.0 1073.0 1074.0 1076.0 1077.0 1078.0 1079.0 1080.0 1081.0 1082.0 1083.0 1084.0 1085.0 1086.0 1087.0 1088.0 1089.0 1090.0 1092.0 1093.0 1094.0 1095.0 1096.0 1097.0 1098.0 1099.0 1100.0 1101.0 1102.0 1103.0 1104.0 1105.0 1106.0 1107.0 1108.0 1109.0 1110.0 1111.0 1112.0 1113.0 1001.0 1002.0 1003.0 1004.0 1005.0 1006.0 1007.0 1008.0 1009.0 1010.0 1011.0 1012.0 1013.0 1014.0 1015.0 1016.0 1017.0 1018.0 1019.0 1020.0 1021.0 1022.0 1023.0 1024.0 1025.0 1026.0 1027.0 1028.0 1029.0 1030.0 1031.0 1032.0 1033.0 1034.0 1035.0 1036.0 1037.0 1038.0 1039.0 1041.0 1042.0 1043.0 1044.0 1045.0 1046.0 1047.0 1048.0 1049.0 1050.0 1051.0 1052.0 1053.0 1054.0 5001.0 5000.0 5002.0 3001.0 3002.0 3003.0 3004.0 3005.0 3006.0 3007.0 3008.0 3009.0 3010.0 3011.0 3012.0 3013.0 3014.0 3015.0 3016.0 3017.0 3018.0 3019.0 3020.0 3021.0 3022.0 3023.0 3024.0 3025.0 3026.0 3027.0 3028.0 3029.0 3030.0 3031.0 3032.0 3033.0 3034.0 3035.0 3036.0 3037.0 3038.0 3039.0 3040.0 3041.0 3042.0 3043.0 3044.0 3045.0 3046.0 3047.0 3048.0 3049.0 3050.0 4001.0 4002.0 4003.0 4004.0 4005.0 4006.0 4007.0 4008.0 4009.0 4010.0 4011.0 4012.0 4013.0 4014.0 4015.0 4016.0 4017.0 4018.0 4019.0 4020.0 4021.0 4022.0 4023.0 4024.0 4025.0 4026.0 4027.0 4028.0 4029.0 4030.0 4031.0 4032.0 4033.0 4034.0 4035.0 4036.0 4037.0 4038.0 4039.0 4040.0 4041.0 4042.0 4043.0 4044.0 4045.0 4046.0 4047.0 4048.0 4049.0 4050.0 4051.0 4052.0 4053.0 4054.0 4055.0 4056.0 4057.0 4058.0 4059.0 4060.0 4061.0 4062.0 4063.0 4064.0 4065.0 4067.0 4068.0 4069.0 4070.0 4071.0 4072.0 4073.0 4074.0 
Unique values in column ccf : 0  7 83 -9 10 2    1 1-9 11 -965   0 
Unique values in column age : 63 67 37 41 56 62 57 53 44 52 48 54 49 64 58 60 50 66 43 40 69 59 42 55 61 65 71 51 46 45 39 68 47 34 35 29 70 77 38 74 76  -9 0 27 27e 81 80 19    1 9 130  40  49  37  48  54  39  45  58  42  38  43  60  36  44  53  52  51  56  41  32  65  35  59  50  47  31  46  57  55  63  66  34  33  61  29  62  28  30  74  68  72  64  69  67  73  70 
Unique values in column sex : 1 0 94  4          -9  3  3      120 10-9      14-9 237 -96  6 80   1   0 
Unique values in column painloc : -9 12 19-09-2009  8120 0 3 60 1 1.1 
Unique values in column painexer : -9 1 2-9 -  9 81-9 81 --9 0 -0-9 130   0.1   0.0   1.0   1.2 
Unique values in column relrest : -9  1 0 3 60 12 80  0.2  0.0  1.0  1.3 
Unique values in column pncaden : -9  7-9 360 60    2449494811 9  99.6 12 0 1  1   -9.0 
Unique values in column cp : 1 4 3 2  -9 36  67.5 60 2116 0   2   3   4   1 
Unique values in column trestbps : 145 160 120 130 140 172 150 110 132 117 135 112 105 124 125 142 128 170 155 104 180 138 108 134 122 115 118 100 200 94 165 102 152 101 126 174 148 178 158 192 129 144 123 136 146 106 156 154  -69 27e 2 1382 3.2 13    4 3 12 -9 81 -1 113 190  92  98  -9  95  80 185 
Unique values in column htn : 1 0 -9  169 810 7--9 -9-9 09 130 -93 1282 1-9 1116   0   1  -9 
Unique values in column chol : 233 286 229 250 204 236 268 354 254 203 192 294 256 263 199 168 239 275 266 211 283 284 224 206 219 340 226 247 167 230 335 234 177 276 353 243 225 302 212 330 175 417 197 198 290 253 172 273 213 305 216 304 188 282 185 232 326 231 269 267 248 360 258 308 245 270 208 264 321 274 325 235 257 164 141 252 255 201 222 260 182 303 265 309 307 249 186 341 183 407 217 288 220 209 227 261 174 281 221 205 240 289 318 298 564 246 322 299 300 293 277 214 207 223 160 394 184 315 409 244 195 196 126 313 259 200 262 215 228 193 271 210 327 149 295 306 178 237 218 242 319 166 180 311 278 2044 1  16  6-9 -9 0 9 7 5 1282  2-9 26 20-9 83 339 468 518 194 365 342 202 297 412 163 529 100 238 291 329 147 85 179 392 466 129 241 338 156 272 393 161 292 388 331 279 603 320 187 287 404 312 251 328 285 280 132 117 173 336 355 171 491 347 344 358 190 
Unique values in column smoke : -9 1  4 9  9    0 8426 20-  -   51 16 04 3  -9.0   0.0   1.0 
Unique values in column cigs : 50 40 20 0 75 30 15 2 25 -9 10 60 99 4 80 8 5 3 70 35 1 9 28 44  1109 82 7 8422 89 83 -4 1h9 -9.0 60.0 40.0 20.0 
Unique values in column years : 20 40 35 0 25 30 22 -9 32 8 50 19 23 24 29 1 15 54 6 33 34 45 10 47 7 36 37 38 41 18 48 17 28 5 31 4 14 27       -9  115 -950 -9  980    n 3 541 169 1  11 - 729 
Unique values in column fbs : 1 0 40 -9  90     -8 -0 169  9    81 3    0.0   -9.0    1.0 
Unique values in column dm : -9 1 0 7 -18  06 9 808 1450 6 23 138  -9   1 
Unique values in column famhist : 1 0  -9 25 808 1450      5 name 125 89 81  -9   0   1 
Unique values in column restecg : 2 0 1  -9 8 110 30 8626 12 125   0   1   2  -9 
Unique values in column ekgmo : 2 3 1 7 6 5 11 12 10 9 8 4  -9 0 84 62 2829    
Unique values in column ekgday : 3 5 19 13 7 9 28 20 2 30 16 21 24 22 26 4 29 15 1 18 12 6 27 17 10 14 11 23 25 8 31  2-  -    0 110 --9 133 8229 -9 - 3    16.0  21.0  25.0  18.0   3.0  31.0  12.0  11.0   1.0  30.0   8.0   5.0   9.0  20.0   2.0  22.0  13.0   7.0   6.0  14.0  29.0   4.0  19.0  28.0  27.0  24.0  10.0  23.0  15.0  17.0  26.0  -9.0 
Unique values in column ekgyr : 81 82 83 84  1 6 110971 0 -9 name 13 8223 10 84.0 85.0 87.0 83.0 86.0 -9.0 
Unique values in column dig : 0 1 -9     81 13 04 
Unique values in column prop : 0 1 -9 0.4 22  471    2 - 1084    0.0    1.0   -9.0 
Unique values in column nitr : 0 1 -9  610 84 7 1084  400 9 0.7   0   1  -9 
Unique values in column pro : 0 1 -9  -92 47  7   -9 1112 81 1100   0   1  -9 
Unique values in column diuretic : 0 1 -9 22  2   0  7 090 75-9 17 110  040e 19   0  -9   1 
Unique values in column proto : 1  751319 2 -9 139 84 12 90 name 70 40 6 150 100 50 25 175 125 75 200 130 
Unique values in column thaldur : 10.5 9.5 8.5 13 7 11.3 6 9 8 5.5 8.2 4.5 9.3 12.5 11 9.8 7.8 10 12 5.8 5 6.3 7.5 6.5 10.3 3.5 8.3 15 7.9 5.2 12.2 5.9 14 8.7 7.1 9.4 4 6.7 7.6 5.1 8.1 10.4 7.3 10.1 12.4 6.1 13.3 3.4 10.2 14.4 9.2 5.3 6.4 4.7 3.6 11.2 9.7 11.5 3.1 1.8 6.8 3 6.2 8.8 5.4  -9 1 -2 0 -7 40  18.0  10.0   5.0   2.0  19.0  15.0   7.0   4.0  13.0   9.0  12.0   6.5  21.0   6.0   8.0  16.5   3.0  -9.0  14.0  20.0  16.0   1.5  11.0   7.5  17.0  24.0   4.5   1.0   8.3   9.5   5.5   8.5  10.5   7.8 
Unique values in column thaltime : 6 13 -9 8 3 4.5 7.8 9 5.8 6.3 7.5 6.5 5 5.5 9.5 3.5 15 7.9 12 4 0 7 5.1 9.3 11 8.5 4.7 2.5 10 2 3.6 4.8 1 6.8 5.2  89 177 117 -90 4650 name -9.0  9.0  4.0 13.5  3.5 12.0  6.0 10.0  8.0  5.5  7.5  4.5  1.5  7.0  1.0  8.5  6.5 13.0 19.0 15.0  5.0 11.0  3.0  2.0  2.5 17.5  0.5 14.5 20.0 10.5 10.6  9.3 11.1 14.0  0.0 10.2 17.8  7.8  5.4 10.7  0.7 14.3 11.8 13.2 15.8  7.4  5.1 11.7  4.2  8.6  4.6  6.4 12.6  9.4 
Unique values in column met : 13 10 17 9 16 7 18 14 11 15 12 6 8 5 6.5 3 4  1 -9 7135    2 177  70 0 83 2 7.5 6.3 5.4 100 75 150 50 125 200 
Unique values in column thalach : 150 108 129 187 172 178 160 163 147 155 148 153 142 173 162 174 168 139 171 144 132 158 114 151 161 179 120 112 137 157 169 165 123 128 152 140 188 109 125 131 170 113 99 177 141 180 111 143 182 156 115 149 145 146 175 186 185 159 130 190 136 97 127 154 133 126 202 103 166 164 184 124 122 96 138 88 105 194 195 106 167 95 192 117 121 116 71 118 181 134 0.4  -9 135 6 0 -92 75-  -   58 3 707 1 80  172.0  156.0   98.0  108.0  122.0  170.0  142.0  130.0  120.0   99.0  145.0  140.0  137.0  150.0  166.0  165.0  125.0  160.0  164.0  138.0  178.0  112.0  118.0  127.0  114.0  154.0  155.0   87.0  148.0  100.0  168.0  184.0  121.0  153.0  134.0   96.0  174.0  175.0  144.0   82.0  135.0  115.0  128.0  116.0   94.0  110.0   92.0  180.0  152.0  124.0  106.0  185.0  139.0  190.0  146.0  158.0  132.0  176.0  119.0  188.0  162.0  105.0   90.0  136.0  167.0  129.0  102.0  143.0  103.0   91.0  126.0   -9.0   93.0  131.0  149.0  123.0  182.0  141.0   77.0  109.0  133.0  179.0  113.0  104.0   95.0   72.0   97.0  117.0   86.0   63.0  157.0   83.0   60.0   70.0  163.0   67.0   78.0 
Unique values in column thalrest : 60 64 78 84 71 73 83 75 86 85 74 70 91 62 82 58 69 98 95 49 67 81 97 103 65 88 68 87 93 52 110 92 56 79 77 66 90 96 76 100 54 43 61 101 80 109 53 63 59 72 57 40 102 89 112 94 119 99 115 51 0  0  1 -9 1  19 147 2050 6 8658 830 0 9-  -5 -4  86  58  54  74  90  56  63  72  57  70  73  84  82  92  85  64  68  98  71  87  75  83  79  65  78  50  67 134  77 116 105  60 120  88  76  80  95  94  61  46  62 125  96  93  55 124  97  66  81 108  -9  69  99  59  89  47  53  52  39  44  91 
Unique values in column tpeakbps : 190 160 140 195 165 180 120 185 204 145 220 192 175 135 170 210 150 158 215 130 200 155 197 144 90 198 125 152 162 168 124 164 184 174 156 146 143 196 154 230 182 148 188 205 112 84 189 138 128 224 186 194 116 98 176 172 92 232  1 0 701 2 865  5   4 240 228 235 216  -9 110 115 
Unique values in column tpeakbpd : 90 80 68 74 70 84 120 75 118 87 96 98 64 60 62 100 85 105 78 83 50 95 65 88 110 72 82 76 104 40 94 89 58 45 56 66 26 77 86 92  -9 1 0 0.2 4 167 106  70  80  98  90  82  95  96  94 115  85  84 130 116  92  60  86 108 134  74  76  -9  75  65  55 
Unique values in column dummy : 145 160 120 130 140 172 150 110 132 117 135 112 105 124 125 142 128 170 155 104 180 138 108 134 122 115 118 100 200 94 165 102 152 101 126 174 148 178 158 192 129 144 123 136 146 106 156 154  9 1 -9 16 0 2 11 26 113 190 92 98 95 80 185 
Unique values in column trestbpd : 85 90 80 78 86 75 100 105 70 76 88 95 92 94 110 84 98 74 89 82 72 102 68 64 60 106 66 50 96  -9 3 452 -21 01 0 1 18 -26  86.0  90.0  80.0  84.0  70.0  74.0  60.0 100.0  75.0  95.0  94.0  98.0  78.0  96.0  50.0 106.0  82.0  88.0 104.0  85.0 110.0 105.0  -9.0  65.0 120.0 
Unique values in column exang : 0 1  16 1174 1585 -9 -2  2   6 63  0.0  1.0 -9.0 
Unique values in column xhypo : 0 1  2002 1259 -940 15 103 -9 
Unique values in column oldpeak : 2.3 1.5 2.6 3.5 1.4 0.8 3.6 0.6 3.1 0.4 1.3 0 0.5 1.6 1 1.2 0.2 1.8 3.2 2.4 2 2.5 2.2 2.8 3 3.4 6.2 4 5.6 2.9 0.1 2.1 1.9 4.2 0.9 1.1 3.8 0.7 0.3  -9 1502 01-9 13    0.0    1.0    1.5    2.0    3.0    4.0    0.5    2.5    5.0    0.8    0.7    1.4    2.1    0.4    0.2    1.7    2.2    0.1    1.6    1.3    0.3    1.8    2.6   -0.9    2.8   -2.6   -1.5   -0.1    0.9   -9.0    1.1    2.4   -1.0   -1.1   -0.7   -0.8    3.7   -0.5   -2.0 
Unique values in column slope : 3 2 1  -9 1502  240 135 -9150 12 7 00 -6  -9   2   1   3 
Unique values in column rldv5 : -9  1 9 13 80150 2 5-9 0 357  26  14  17  19  13  20  11  18   6  16  15  22  10  27  25  23   7   9   8  12   5  24  31   4  21  28  -9   3 
Unique values in column rldv5e : 172 185 150 167 40 127 122 75 68 200 175 110 49 231 197 85 170 93 145 24 220 270 152 140 74 118 176 105 120 115 60 113 59 70 195 92 133 103 100 160 163 125 48 57 210 80 72 112 155 130 134 65 132 116 225 204 94 98 88 45 157 180 190 58 76 90 111 117 171 97 161 153 83 96 35 73 123 28 227 158 166 101 30 148 50 95 137 47 178 230 206 106 222 135 138 144 108 179 121 87 71 104 102 55 177 252 253 154 78 165 240 41 62 91  -9 7 2 801zzz  z3 0.2 1 -70 5--9 4  42242242  28 16781 -57 19  20  13  14  22   9  21  11  19   6  18  17  12  16  10  25   7   8  15   5  28  26   4   3  23  27  24  30   2  -9 
Unique values in column ca : 0 3 2 1 -9  9  9       16 53 1070 name 481 11  1      0 -51 -6  6      9 9 
Unique values in column restckm : -9  7 84 1183 53 1 24 107e 81 111 487 0  -9.0 
Unique values in column exerckm : -9     0 1 81 4 6 854 3 6584 145 -9.0 
Unique values in column restef : -9      0 10 2001 11 2 1 
Unique values in column restwm : -9 0  1 0.2 2 233   -9.0    0.0 
Unique values in column exeref : -9 1  0 10 4 01 7 2 00       0 9  -9 
Unique values in column exerwm : -9  -1 0    136-9 1 12 84 50  -9   0 
Unique values in column thal : 6 3 7 -9  2609 83    60 0 32       9 182 20  -9   7   3   6   1   4 
Unique values in column thalsev : -9  4 0    153 01  15 fff 1355 12  2-9 1 2 3 
Unique values in column thalpul : -9  128 12 0 4 1 1014 -  -9.0   1.0   0.0 
Unique values in column earlobe : -9  2-9 0 3 1 5 685 465 2 3  3   0 -9.0 
Unique values in column cmo : 2 3 7 1 5 6 11 10 9 12 8 4  -9 0 name 125 
Unique values in column cday : 16 5 20 4 18 10 2 21 3 6 1 19 14 25 27 23 28 30 22 29 26 13 7 9 17 15 11 8 12 24 31 75 -9  0 3  3   9 3539 4659   20.0   26.0   30.0   22.0    4.0    6.0   15.0    8.0    9.0   10.0   11.0   16.0    1.0   28.0    2.0    5.0   19.0   25.0   29.0   27.0    7.0   12.0   17.0   14.0   23.0   18.0   21.0    3.0   13.0   31.0   24.0   -9.0 
Unique values in column cyr : 81 82 83 84 8105  -9 50 0 309 n1 4 1 3 5 89  84  85  87  83  86  -9  82 
Unique values in column lmt : 1 2 105 -9  8 16542 64 0 10 2081 111  -9   2   1 
Unique values in column ladprox : 1 2 4  3 0     -9 99 681 4016 
Unique values in column laddist : 1 2 18 128  -9 0 6 - 81 6880 8216  -9.0   2.0   1.0 
Unique values in column diag : -9 1018    0  1 6 10 71 2 8216 -9.0  2.0  1.0 
Unique values in column cxmain : 1 2 101881    9 3 -9 0  8    158 788 
Unique values in column ramus : -9 1-9     1 35 7 0 658   -9.0    2.0    1.0 
Unique values in column om1 : 1 2 3  -9    1 50 n1  10 9 891 7 67 0 65  5.7 10.5  -9   2   1 
Unique values in column om2 : -9  1 -109 0 0 40 17 671 9 6  -9   2   1 
Unique values in column rcaprox : 1 2 -9-9 -9  0 name 3 13  -9   2   1 
Unique values in column rcadist : 1 2 3 4  -9 0 136 1940 23 150 
Unique values in column lvx1 : 1 -9  898 50 0 -99 3 - 8 60   1.0  -9.0   3.0   7.0   5.0 
Unique values in column lvx2 : 1 -9-  -4 -9  0 198 194 23 3 85 234 190  1.0  3.0 -9.0  7.0  4.0  5.0 
Unique values in column lvx3 : 1 6 3 5 4 2 8  -9 0 19 80 name -66 90 7 
Unique values in column lvx4 : 1 7 3 8 5 2 6 94  1-  --9 name 80 55 -9 66 06363660 -99 85 145    1.0    7.0    8.0    5.0    3.0    6.0    4.0   -9.0 
Unique values in column lvf : 1 3 2 4  104 -9 239 0 1e 5020 92 22 6  6   9 3  3    -0 85   1   2   4   3  -9   0 
Unique values in column cathef : -9  1 4 8 4 3 0 55 2 23   3  -9  67  59  18  45  44  62  72  63  54  68  64  58  65  43  66  70  75  50  61  36  60  47  57  48  71  69  49  53  76  77  55  86  56  79  73  51  52  83  74  80 
Unique values in column junk : -9  234 143 1 83 -9-9    23 7 0  -9 
Unique values in column name : name  -9 1 8 0 20 2 10 22    13165 2.3 
Unique values in column num : 0 2 1 3 4  -9 309  99 136-9 26705 81 680 27 8  88   0   1   3   4   2 